# Sample of the word vectors learned for job titles in our dataset
# Configured into solr synonym file format. Each word or phrase maps to a 100 element vector
# This is represented as 100 dummy tokens, each with payload values. Cosine similarity is then
#   computed by taking term weights at query time (also mapped into 100 element vectors) and 
#   matching against an index constructed using this sort of synonym file. 
# A custom similarity class (see GitHub repo - DiceTechJobs\SolrPlugins) is used to compute similarity
#   based on payload weights, ignoring tf and idf values and field and query norms.
.net_application_developer=>000|0.140595 001|0.255144 002|-0.088311 003|0.034641 004|-0.005218 005|0.038526 006|0.013816 007|0.140819 008|0.049475 009|0.008263 010|-0.020089 011|-0.065363 012|-0.127469 013|-0.074739 014|0.011555 015|0.034868 016|0.069671 017|-0.060768 018|0.001299 019|0.156239 020|-0.077792 021|-0.051682 022|0.078947 023|0.040870 024|0.137885 025|0.125309 026|0.076417 027|0.021157 028|0.063640 029|-0.008576 030|-0.179326 031|-0.023852 032|-0.024327 033|-0.161642 034|-0.046122 035|-0.048261 036|-0.086003 037|0.044880 038|-0.025815 039|-0.184290 040|-0.103957 041|-0.000596 042|-0.107250 043|-0.011021 044|-0.054871 045|0.026714 046|0.047669 047|0.195095 048|-0.072463 049|0.072004 050|0.076424 051|-0.059876 052|0.109717 053|-0.047470 054|0.101520 055|0.011826 056|-0.206645 057|0.020445 058|-0.117277 059|-0.113066 060|-0.116374 061|-0.049420 062|0.076138 063|-0.141741 064|-0.109984 065|0.110574 066|-0.027188 067|-0.073930 068|0.041312 069|-0.104688 070|-0.050584 071|-0.202442 072|-0.054955 073|0.067156 074|-0.166679 075|0.145602 076|0.127309 077|0.118736 078|-0.194966 079|0.060026 080|-0.004434 081|0.072788 082|-0.046218 083|-0.149871 084|0.040184 085|0.115983 086|-0.175088 087|-0.135992 088|0.102578 089|0.052193 090|-0.060678 091|-0.033569 092|-0.041639 093|-0.070716 094|-0.092691 095|-0.255108 096|-0.113102 097|-0.013990 098|0.060132 099|0.067746 
active_directory_administrator=>000|0.179904 001|0.207382 002|-0.062280 003|0.030243 004|-0.089094 005|0.235955 006|0.083027 007|0.038192 008|-0.056880 009|0.028573 010|-0.160811 011|-0.044958 012|0.023732 013|-0.112216 014|-0.186259 015|0.064577 016|-0.059463 017|-0.117458 018|0.057026 019|0.130059 020|-0.082278 021|-0.031672 022|-0.039422 023|-0.059265 024|0.023839 025|-0.100882 026|0.136278 027|-0.114674 028|0.058934 029|0.058565 030|-0.008297 031|0.029283 032|-0.112276 033|-0.274484 034|0.132349 035|-0.088108 036|-0.173500 037|0.063485 038|0.029231 039|-0.062752 040|-0.116784 041|0.162999 042|-0.127789 043|0.019064 044|-0.205168 045|0.050074 046|0.153531 047|0.040954 048|-0.092731 049|-0.018070 050|0.035904 051|-0.033830 052|-0.005643 053|0.118827 054|0.075104 055|0.004573 056|-0.031857 057|-0.209572 058|0.009847 059|-0.071138 060|0.057420 061|-0.016157 062|0.000467 063|0.064833 064|-0.094621 065|-0.060471 066|-0.073391 067|0.030287 068|-0.001165 069|0.048118 070|0.164399 071|-0.096404 072|-0.016394 073|0.068004 074|0.043985 075|0.099907 076|0.134705 077|-0.024790 078|-0.035495 079|0.059719 080|-0.055866 081|-0.136861 082|0.143236 083|0.041157 084|0.115101 085|0.120725 086|-0.093773 087|-0.046656 088|-0.008386 089|0.154146 090|0.011819 091|-0.108251 092|-0.137685 093|-0.176976 094|-0.155746 095|-0.008715 096|-0.058662 097|0.003763 098|0.013636 099|0.024705 
agile_coach=>000|0.076215 001|0.104737 002|-0.037220 003|-0.032444 004|0.087336 005|0.127754 006|-0.110991 007|0.182320 008|0.139772 009|0.172957 010|-0.043832 011|-0.126344 012|-0.060171 013|0.095564 014|-0.022808 015|-0.139186 016|0.022592 017|-0.138300 018|-0.073969 019|0.137683 020|0.051474 021|0.187885 022|0.181461 023|0.056319 024|-0.037115 025|-0.077915 026|0.104516 027|0.010247 028|0.124850 029|-0.035366 030|0.008421 031|-0.196563 032|0.027825 033|-0.185518 034|-0.090716 035|-0.057043 036|-0.081124 037|0.166039 038|-0.069953 039|-0.052366 040|-0.139412 041|-0.065401 042|-0.162758 043|0.082021 044|0.030178 045|-0.108686 046|0.090182 047|0.045431 048|0.036043 049|-0.104056 050|0.002724 051|-0.036969 052|0.012720 053|-0.120237 054|0.069547 055|-0.027052 056|-0.178087 057|0.028021 058|-0.068473 059|-0.005463 060|-0.068453 061|-0.132835 062|0.095894 063|0.045448 064|-0.072210 065|0.136739 066|-0.023790 067|-0.045273 068|0.042021 069|-0.159406 070|-0.005612 071|-0.161459 072|-0.035488 073|0.167633 074|-0.190444 075|0.091917 076|0.001863 077|0.200463 078|-0.090810 079|0.043686 080|0.108822 081|0.032608 082|-0.077742 083|0.020425 084|0.038618 085|0.077049 086|0.048553 087|-0.100112 088|0.110971 089|0.067008 090|-0.159216 091|-0.055613 092|-0.118664 093|-0.113873 094|0.041732 095|0.089172 096|0.097571 097|-0.026828 098|0.001214 099|0.103518 
android_developer=>000|0.179093 001|0.283463 002|-0.093478 003|-0.036533 004|-0.029576 005|0.043587 006|-0.026396 007|-0.000226 008|0.070800 009|0.051441 010|-0.165763 011|-0.074952 012|-0.077628 013|-0.068892 014|0.086824 015|-0.000034 016|0.021177 017|-0.145027 018|-0.018712 019|0.112635 020|-0.029212 021|-0.019872 022|0.101729 023|0.032277 024|-0.063776 025|0.135003 026|0.004367 027|0.118993 028|0.205012 029|-0.104070 030|-0.139459 031|0.032935 032|0.053004 033|0.054988 034|-0.039189 035|0.034977 036|-0.203588 037|-0.061153 038|0.093996 039|-0.149125 040|-0.070649 041|0.001782 042|-0.021610 043|0.043652 044|-0.032907 045|0.097738 046|0.054038 047|0.139645 048|0.032227 049|-0.045774 050|-0.010482 051|0.011432 052|0.103981 053|0.113387 054|0.191930 055|0.049999 056|0.046709 057|0.055299 058|0.086689 059|-0.069464 060|-0.243116 061|-0.041090 062|0.068605 063|-0.095428 064|-0.108339 065|0.143651 066|0.026369 067|0.235396 068|0.050067 069|-0.069735 070|0.046788 071|-0.182800 072|-0.125026 073|0.040895 074|-0.231425 075|0.149008 076|0.058174 077|0.001096 078|-0.147585 079|-0.010474 080|-0.000693 081|0.049056 082|0.026424 083|-0.059252 084|-0.005689 085|0.121601 086|-0.125976 087|-0.092704 088|0.068642 089|0.053996 090|-0.200510 091|0.027748 092|0.016971 093|-0.031365 094|-0.081914 095|0.021516 096|-0.041756 097|0.035509 098|0.026953 099|-0.132770 
devops=>000|0.325862 001|0.180650 002|-0.085703 003|-0.076167 004|-0.058204 005|0.014017 006|0.040497 007|0.054544 008|0.048787 009|0.104188 010|0.099509 011|-0.073346 012|-0.031786 013|0.023349 014|-0.195689 015|-0.077718 016|0.028586 017|-0.057955 018|-0.050134 019|0.091508 020|0.013494 021|-0.005308 022|0.020450 023|0.035454 024|0.008558 025|0.033000 026|0.172324 027|-0.009868 028|0.066036 029|0.053402 030|0.023718 031|0.008164 032|-0.025544 033|-0.120827 034|-0.067000 035|-0.057310 036|-0.250525 037|0.202254 038|0.069320 039|-0.037426 040|-0.075656 041|-0.081543 042|-0.051407 043|0.074393 044|-0.134186 045|-0.003050 046|0.204503 047|0.144988 048|-0.008971 049|-0.074744 050|-0.118738 051|0.063950 052|-0.033835 053|0.052284 054|-0.035718 055|0.023751 056|0.055948 057|0.056698 058|-0.044573 059|0.019846 060|-0.153247 061|-0.042585 062|-0.004888 063|0.011106 064|-0.276324 065|0.080007 066|0.024295 067|0.108534 068|-0.066495 069|-0.013993 070|0.181145 071|-0.135658 072|0.021901 073|0.152834 074|-0.241763 075|0.056163 076|0.112280 077|0.080497 078|0.020857 079|0.028195 080|0.041202 081|-0.000459 082|-0.033499 083|-0.072444 084|0.192005 085|0.186664 086|-0.020237 087|-0.059821 088|0.013001 089|0.114072 090|-0.111900 091|0.022757 092|0.001414 093|-0.071491 094|-0.125154 095|0.021140 096|0.038788 097|0.030637 098|0.019986 099|-0.144421 
edi_developer=>000|0.117705 001|0.060120 002|0.100892 003|-0.062731 004|-0.002066 005|0.134564 006|0.053973 007|0.031430 008|-0.019759 009|0.040876 010|-0.059805 011|-0.118520 012|-0.096062 013|-0.148100 014|0.037697 015|0.041478 016|0.094432 017|-0.079739 018|0.015144 019|0.115877 020|-0.057269 021|0.073973 022|-0.070892 023|-0.013040 024|-0.035895 025|0.072030 026|0.101773 027|0.096156 028|0.066882 029|0.013652 030|-0.205553 031|-0.074723 032|0.021861 033|-0.112440 034|0.029581 035|0.017072 036|-0.121103 037|0.030507 038|0.084562 039|-0.142790 040|-0.145305 041|0.102956 042|-0.023289 043|-0.086213 044|0.183613 045|0.047458 046|0.013126 047|-0.006808 048|-0.144540 049|-0.043208 050|-0.021671 051|0.140857 052|0.103486 053|0.064370 054|0.054249 055|0.095622 056|-0.213907 057|-0.096891 058|-0.044007 059|0.051731 060|-0.013592 061|-0.056571 062|0.028092 063|-0.189538 064|-0.061297 065|0.122195 066|-0.016733 067|0.029386 068|0.256345 069|-0.089101 070|0.166685 071|-0.275732 072|-0.112218 073|0.071512 074|-0.045727 075|0.086894 076|0.072706 077|0.081338 078|-0.163697 079|0.221918 080|-0.112398 081|-0.026683 082|-0.044537 083|-0.143124 084|0.078347 085|0.141383 086|-0.067084 087|0.054418 088|-0.119635 089|0.097890 090|0.031627 091|-0.023667 092|-0.053991 093|-0.112981 094|-0.098876 095|-0.017885 096|0.083883 097|0.022461 098|0.134550 099|0.094503 
endeca_developer=>000|0.140917 001|0.052230 002|0.057697 003|-0.001966 004|0.110012 005|0.169430 006|0.067206 007|0.062549 008|0.075288 009|0.118007 010|-0.085295 011|0.012189 012|-0.068618 013|-0.053832 014|-0.031554 015|0.072981 016|0.003097 017|-0.136063 018|0.083588 019|0.174989 020|0.033106 021|0.040322 022|-0.184126 023|-0.000050 024|0.017236 025|-0.000553 026|0.108658 027|0.145787 028|0.180719 029|-0.005697 030|-0.089754 031|-0.143580 032|-0.092430 033|-0.143818 034|0.043858 035|-0.030878 036|-0.026575 037|0.057009 038|0.183909 039|-0.098772 040|-0.148673 041|0.201464 042|-0.104794 043|-0.085197 044|0.056391 045|0.020118 046|0.040095 047|0.021592 048|-0.093957 049|-0.088953 050|0.033928 051|0.028140 052|0.003569 053|0.126983 054|0.044844 055|-0.107860 056|-0.228409 057|-0.033356 058|-0.064008 059|-0.031854 060|-0.074553 061|0.005324 062|0.096767 063|-0.132012 064|-0.160190 065|0.096302 066|0.038855 067|0.025205 068|0.182661 069|-0.047019 070|0.296146 071|-0.227738 072|-0.069101 073|0.093039 074|-0.103315 075|0.119286 076|-0.031947 077|-0.006756 078|-0.126705 079|0.104399 080|-0.064470 081|0.071912 082|-0.001676 083|0.020401 084|0.054301 085|0.087118 086|-0.125196 087|0.001755 088|-0.075834 089|0.081471 090|-0.080721 091|0.088541 092|-0.039276 093|-0.136972 094|-0.080643 095|0.032433 096|0.084342 097|0.109141 098|-0.035079 099|0.039463 
ethical_hacker=>000|0.135605 001|0.133308 002|-0.051934 003|-0.080601 004|-0.082344 005|0.258816 006|0.119195 007|0.114531 008|-0.063189 009|0.001808 010|-0.151245 011|-0.032248 012|0.017334 013|0.106249 014|-0.264113 015|0.006634 016|-0.034090 017|-0.067529 018|-0.048044 019|0.101733 020|0.014795 021|0.097094 022|0.051970 023|-0.174482 024|0.110717 025|-0.165307 026|0.084405 027|-0.034008 028|0.096194 029|-0.025506 030|0.192097 031|-0.065429 032|0.029634 033|-0.225215 034|-0.060976 035|-0.141320 036|-0.103431 037|-0.018285 038|0.021656 039|-0.041708 040|-0.050273 041|0.089475 042|-0.074633 043|0.166668 044|-0.169205 045|-0.051455 046|0.078894 047|0.021596 048|-0.077182 049|-0.023586 050|0.127887 051|-0.062605 052|0.104993 053|0.012952 054|0.079877 055|0.058925 056|-0.039527 057|-0.171176 058|0.060724 059|-0.080197 060|-0.004378 061|-0.084258 062|-0.067444 063|-0.053776 064|0.052186 065|-0.011259 066|-0.108082 067|0.017207 068|0.005067 069|-0.035004 070|0.033928 071|-0.057649 072|-0.087843 073|-0.042122 074|0.090608 075|0.172219 076|0.096146 077|0.038721 078|-0.065194 079|-0.011430 080|-0.008787 081|-0.138307 082|-0.011338 083|0.174256 084|-0.026512 085|0.076422 086|0.102370 087|-0.035257 088|-0.062475 089|0.111636 090|0.017554 091|-0.100998 092|-0.061210 093|-0.206414 094|-0.120817 095|0.150018 096|-0.110716 097|0.091892 098|0.160965 099|-0.049344 
etl_architect=>000|0.251238 001|0.128442 002|0.041391 003|-0.092073 004|0.022222 005|0.077930 006|0.019890 007|-0.083442 008|0.116448 009|0.085931 010|0.007393 011|-0.049024 012|-0.176807 013|-0.106506 014|-0.048130 015|0.075311 016|0.235090 017|-0.068848 018|-0.084595 019|0.132396 020|-0.037820 021|0.059472 022|-0.003515 023|0.080989 024|-0.048752 025|-0.102873 026|0.083649 027|0.152140 028|0.074205 029|0.044230 030|-0.192341 031|-0.089414 032|-0.003874 033|-0.111211 034|0.078148 035|-0.039628 036|-0.024361 037|0.013861 038|0.138788 039|-0.105189 040|-0.188296 041|0.129328 042|-0.166623 043|-0.105191 044|-0.012689 045|0.034637 046|-0.011766 047|-0.021377 048|-0.029579 049|0.017764 050|0.020608 051|0.043664 052|-0.006808 053|-0.003804 054|0.043669 055|-0.049945 056|-0.172706 057|-0.010559 058|-0.135212 059|-0.032902 060|-0.034169 061|0.028246 062|0.047346 063|-0.101932 064|-0.105956 065|0.177963 066|-0.051112 067|0.125274 068|0.125051 069|-0.063890 070|0.047937 071|-0.207917 072|-0.166966 073|0.127352 074|-0.201212 075|0.128449 076|0.100147 077|0.087408 078|-0.070820 079|0.046744 080|-0.003963 081|-0.174869 082|0.056978 083|-0.140786 084|0.037974 085|0.060777 086|-0.088623 087|0.121212 088|-0.181176 089|0.065666 090|-0.057450 091|0.029707 092|-0.104147 093|0.036715 094|-0.104882 095|0.040832 096|-0.032051 097|-0.009780 098|-0.111046 099|-0.032845 
front_end_engineer=>000|0.296862 001|0.214305 002|-0.021932 003|-0.092009 004|0.031222 005|0.032375 006|-0.030301 007|0.089996 008|0.117155 009|0.092574 010|0.002824 011|0.081590 012|0.024165 013|0.025274 014|0.038645 015|0.030137 016|-0.040947 017|0.023350 018|-0.041831 019|0.056014 020|-0.004519 021|-0.089998 022|0.101909 023|0.106253 024|0.024494 025|0.055957 026|0.098353 027|0.149607 028|-0.025745 029|0.044702 030|-0.057057 031|0.012583 032|0.143897 033|-0.049560 034|-0.048548 035|-0.106390 036|-0.103997 037|0.036000 038|0.068535 039|-0.088414 040|-0.136801 041|-0.038108 042|-0.131496 043|-0.026855 044|-0.026727 045|0.135824 046|0.040783 047|0.177664 048|-0.095375 049|-0.019248 050|-0.061023 051|-0.045785 052|0.091593 053|-0.009013 054|0.051348 055|0.016793 056|-0.031671 057|0.081169 058|0.033818 059|-0.063993 060|-0.188573 061|-0.005471 062|0.044552 063|-0.181997 064|-0.149213 065|0.148858 066|-0.020626 067|0.141366 068|0.020057 069|-0.042265 070|0.087290 071|-0.260204 072|-0.062671 073|0.148816 074|-0.249025 075|0.113866 076|0.104263 077|0.026086 078|-0.099556 079|0.028163 080|0.042243 081|0.006759 082|-0.034294 083|-0.142682 084|0.101411 085|0.109284 086|-0.145411 087|-0.118961 088|0.128174 089|0.083504 090|-0.260181 091|-0.022021 092|0.019167 093|0.028059 094|-0.060932 095|-0.049140 096|-0.101053 097|0.000523 098|-0.085380 099|-0.097282 
